#ifndef PARAMETERS_2_H
#define PARAMETERS_2_H

#ifdef BUILD_STICK_2




#include "parameters_common.h"

#define IMAGE1_WIDTH 17
#define IMAGE2_WIDTH 22

//filled
const uint8_t PROGMEM image1[][10] =
{
  	{0,0,0,0,0,0,0,0,0,0},
	{0,0,0,0,0,0,0,0,0,0},
	{0,0,0,0,0,0,0,0,0,0},
	{0,0,0,0,0,1,1,1,0,0},
	{0,0,0,0,1,1,1,1,1,0},
	{0,0,0,1,1,1,1,1,1,1},
	{0,0,1,1,1,1,1,1,1,1},
	{0,1,1,1,1,1,1,1,1,0},
	{1,1,1,1,1,1,1,1,0,0},
	{0,1,1,1,1,1,1,1,1,0},
	{0,0,1,1,1,1,1,1,1,1},
	{0,0,0,1,1,1,1,1,1,1},
	{0,0,0,0,1,1,1,1,1,0},
	{0,0,0,0,0,1,1,1,0,0},
	{0,0,0,0,0,0,0,0,0,0},
	{0,0,0,0,0,0,0,0,0,0},
  	{0,0,0,0,0,0,0,0,0,0}
};

// that's a penis.gif
/*const uint8_t PROGMEM image2[][10] =
   {
        {0,1,1,0,0,0,0,0,0,0},
        {1,0,0,0,0,0,0,0,1,0},
        {1,0,0,0,0,1,0,0,1,0},
        {1,0,0,0,0,1,0,0,1,0},
        {1,0,0,0,1,0,0,0,1,0},
        {0,1,1,1,0,1,0,0,0,1},
        {1,0,0,0,0,1,0,0,0,1},
        {1,0,0,0,0,1,0,0,0,1},
        {1,0,0,0,0,1,0,0,0,1},
        {0,1,0,0,1,1,0,0,0,1},
        {0,0,1,1,0,1,0,0,0,1},
        {0,0,0,0,0,1,0,0,0,1},
        {0,0,0,0,0,1,0,0,0,1},
        {0,0,0,0,0,1,0,0,1,1},
        {0,0,0,0,0,1,1,1,0,1},
        {0,0,0,0,1,0,0,0,0,1},
        {0,0,0,0,1,0,0,0,0,1},
        {0,0,0,0,1,0,0,0,0,1},
        {0,0,0,0,1,1,1,0,0,1},
        {0,0,0,0,1,0,0,0,0,1},
        {0,0,0,0,1,0,0,0,1,0},
        {0,0,0,0,0,1,1,1,0,0}
   };*/




#endif // #ifdef BUILD_STICK_2
#endif // #ifndef PARAMETERS_2_H
